25
  0  0  0  1  1  9  0  0  0  0  0  0  0  0  0  0  0  0  0  0  0  0  0  0  0
  0  0  4  0  0  0  0  0  0  0  0  0  0  0  0  0  0  0  0  0  0  0  0  0  0
  6  5  0  7  0  2  7  2  0  0  0  0  0  0  0  0  0  0  0  0  0  0  0  0  0
  4  6  7  0  1  5  0  6  0  0  0  0  0  0  0  0  0  0  0  0  0  0  0  0  0
  0  4  0  4  0  1  0  6  0  6  0  0  0  0  0  0  0  0  0  0  0  0  0  0  0
  1  3  3  0  0  0  0  0  4  4  0  0  0  0  0  0  0  0  0  0  0  0  0  0  0
  4  7  5  0  0  3  0  0  5  2  7  0  0  0  0  0  0  0  0  0  0  0  0  0  0
  2  0  9  3  4  2  3  0  9  0  8  1  0  0  0  0  0  0  0  0  0  0  0  0  0
  0  6  7  2  0  0  0  0  0  0  2  0  0  0  0  0  0  0  0  0  0  0  0  0  0
  9  0  5  0  0  5  4  6  0  0  0  9  0  8  2  0  0  0  0  0  0  0  0  0  0
  8  3  2  2  0  6  5  7  6  0  0  0  6  0  6  0  0  0  0  0  0  0  0  0  0
  0  3  0  0  6  7  0  0  8  2  6  0  0  0  0  6  0  0  0  0  0  0  0  0  0
  0  0  3  0  6  0  0  0  0  0  7  2  0  3  1  2  0  0  0  0  0  0  0  0  0
  0  6  1  0  0  0  5  0  6  0  4  5  6  0  2  0  8  0  2  0  0  0  0  0  0
  0  0  6  0  8  0  0  0  0  0  6  9  0  0  0  0  0  1  5  0  0  0  0  0  0
  0  0  1  1  0  4  4  0  1  5  8  1  3  0  9  0  0  0  0  7  0  0  0  0  0
  0  0  4  0  0  0  0  9  8  5  8  0  8  0  6  2  0  6  0  6  0  0  0  0  0
  5  8  0  0  3  0  0  0  0  0  8  0  1  5  2  0  9  0  0  1  7  0  4  0  0
  4  3  4  4  6  3  9  0  5  0  1  5  3  9  1  0  0  0  0  1  3  0  0  0  0
  0  3  9  0  7  0  0  6  4  2  0  7  5  2  0  0  2  6  0  0  4  2  7  9  5
  7  0  0  0  0  0  6  0  1  0  0  5  0  2  0  1  0  8  0  8  0  0  7  2  7
  0  0  0  0  2  4  0  0  6  5  7  9  0  5  0  0  0  0  0  4  8  0  0  0  7
  7  0  0  0  0  0  0  0  4  6  0  4  0  0  0  0  7  7  0  6  5  0  0  0  4
  2  0  3  0  0  0  9  3  1  0  0  7  7  0  0  6  8  8  0  0  0  7  2  0  0
  0  9  0  1  8  0  0  8  6  0  0  0  8  7  0  0  0  7  0  0  5  9  8  6  0


Najkrótsze ścieżki:
  0 [0]
  5 [0, 4, 5, 1]
  5 [0, 4, 5, 2]
  1 [0, 3]
  1 [0, 4]
  2 [0, 4, 5]
 10 [0, 4, 5, 9, 6]
  7 [0, 4, 7]
  6 [0, 4, 5, 8]
  6 [0, 4, 5, 9]
  8 [0, 4, 5, 8, 10]
  8 [0, 4, 7, 11]
 10 [0, 4, 5, 9, 14, 17, 12]
 12 [0, 4, 5, 9, 14, 17, 19, 13]
  8 [0, 4, 5, 9, 14]
 12 [0, 4, 5, 9, 14, 17, 12, 15]
 12 [0, 4, 5, 9, 14, 17, 19, 16]
  9 [0, 4, 5, 9, 14, 17]
 13 [0, 4, 5, 9, 14, 18]
 10 [0, 4, 5, 9, 14, 17, 19]
 14 [0, 4, 5, 9, 14, 17, 19, 20]
 12 [0, 4, 5, 9, 14, 17, 19, 21]
 13 [0, 4, 5, 9, 14, 17, 22]
 16 [0, 4, 5, 9, 14, 17, 19, 20, 23]
 15 [0, 4, 5, 9, 14, 17, 19, 24]


Opis danych wejściowych:
  Graf skierowany z dodatnimi wagami na krawędziach.
  Pierwsza liczba N to liczba wierzchołków.
  Kolejne N linii zawiera po N liczb.
  Waga z węzła A do węzła B jest w wierszu A i kolumnie B
  Waga 0 oznacza brak połączenia

Opis Najkrótsze ścieżki:
  Są to najkrótsze ścieżki z pierwszego do pozostałych wierzchołków.
  Kolejne linie to opis ścieżki do kolejnych wierzchołków.
  1 liczba oznacza długość ścieżki, -1 oznacza brak połączenia.
  Następnie następuje lista wierzchołków zawartych w ścieżce.
