20
  0  6  0  0  1  0  0  0  0  0  0  0  0  0  0  0  0  0  0  0
  0  0  2  0  0  0  1  0  0  0  0  0  0  0  0  0  0  0  0  0
  6  0  0  4  0  0  8  9  0  0  0  0  0  0  0  0  0  0  0  0
  0  0  0  0  0  7  7  6  6  0  0  0  0  0  0  0  0  0  0  0
  0  4  0  0  0  6  4  4  0  8  0  0  0  0  0  0  0  0  0  0
  0  7  0  0  3  0  0  7  4  5  0  0  0  0  0  0  0  0  0  0
  2  0  0  0  0  0  0  9  0  0  8  3  0  0  0  0  0  0  0  0
  0  8  0  6  0  0  0  0  4  0  0  0  0  0  0  0  0  0  0  0
  4  0  1  4  5  9  0  6  0  0  1  0  5  0  0  0  0  0  0  0
  6  0  0  7  1  0  6  8  0  0  5  0  0  9  1  0  0  0  0  0
  9  0  1  0  0  0  0  4  0  4  0  0  5  0  6  0  0  0  0  0
  0  0  0  8  0  6  0  0  3  0  9  0  3  5  0  2  3  0  0  0
  0  1  0  5  0  6  0  0  3  2  0  3  0  0  0  2  0  0  0  0
  0  0  0  0  6  0  0  5  0  0  8  3  4  0  8  0  0  4  8  0
  8  7  0  8  8  9  0  0  8  0  3  5  0  0  0  0  1  0  0  0
  0  0  7  0  0  0  8  3  0  9  9  6  0  5  8  0  3  3  7  0
  0  0  6  3  7  8  0  4  3  0  0  0  5  0  8  2  0  8  0  0
  2  3  8  0  0  9  4  0  0  6  0  0  4  0  0  0  7  0  4  7
  0  0  0  1  2  6  0  5  9  7  0  6  9  6  0  0  2  0  0  0
  0  2  0  9  0  0  0  4  4  3  3  1  0  3  0  0  6  0  5  0


Maksymalny przepĹyw:
  4